1 998867
998867 1997733
1997733 2996599
2996599 3995465
3995465 4994331
4994331 5993197
5993197 6992063
6992063 7990929
7990929 8989795
8989795 9988661
9988661 10987527
10987527 11986393
11986393 12985259
12985259 13984125
13984125 14982991
14982991 15981857
15981857 16980723
16980723 17979589
17979589 18978455
18978455 19977321
19977321 20976187
20976187 21975053
21975053 22973919
22973919 23972785
23972785 24971651
24971651 25970517
25970517 26969383
26969383 27968249
27968249 28967115
28967115 29965981
29965981 30964847
30964847 31963713
31963713 32962579
32962579 33961445
33961445 34960311
34960311 35959177
35959177 36958043
36958043 37956909
37956909 38955775
38955775 39954641
39954641 40953507
40953507 41952373
41952373 42951239
42951239 43950105
43950105 44948971
44948971 45947837
45947837 46946703
46946703 47945569
47945569 48944435
48944435 49943301
49943301 50942167
50942167 51941033
51941033 52939899
52939899 53938765
53938765 54937631
54937631 55936497
55936497 56935363
56935363 57934229
57934229 58933095
58933095 59931961
59931961 60930827
60930827 61929693
61929693 62928559
62928559 63927425
63927425 64926291
64926291 65925157
65925157 66924023
66924023 67922889
67922889 68921755
68921755 69920621
69920621 70919487
70919487 71918353
71918353 72917219
72917219 73916085
73916085 74914951
74914951 75913817
75913817 76912683
76912683 77911549
77911549 78910415
78910415 79909281
79909281 80908147
80908147 81907013
81907013 82905879
82905879 83904745
83904745 84903611
84903611 85902477
85902477 86901343
86901343 87900209
87900209 88899075
88899075 89897941
89897941 90896807
90896807 91895673
91895673 92894539
92894539 93893405
93893405 94892271
94892271 95891137
95891137 96890003
96890003 97888869
97888869 98887735
98887735 99886601
99886601 100885467
100885467 101884333
101884333 102883199
102883199 103882065
103882065 104880931
104880931 105879797
105879797 106878663
106878663 107877529
107877529 108876395
108876395 109875261
109875261 110874127
110874127 111872993
111872993 112871859
112871859 113870725
113870725 114869591
114869591 115868457
115868457 116867323
116867323 117866189
117866189 118865055
118865055 119863921
119863921 120862787
120862787 121861653
121861653 122860519
122860519 123859385
123859385 124858251
124858251 125857117
125857117 126855983
126855983 127854849
127854849 128853715
128853715 129852581
129852581 130851447
130851447 131850313
131850313 132849179
132849179 133848045
133848045 134846911
134846911 135845777
135845777 136844643
136844643 137843509
137843509 138842375
138842375 139841241
139841241 140840107
140840107 141838973
141838973 142837839
142837839 143836705
143836705 144835571
144835571 145834437
145834437 146833303
146833303 147832169
147832169 148831035
148831035 149829901
149829901 150828767
150828767 151827633
151827633 152826499
152826499 153825365
153825365 154824231
154824231 155823097
155823097 156821963
156821963 157820829
157820829 158819695
158819695 159818561
159818561 160817427
160817427 161816293
161816293 162815159
162815159 163814025
163814025 164812891
164812891 165811757
165811757 166810623
166810623 167809489
167809489 168808355
168808355 169807221
169807221 170805979
